5.402701350675337411e-01 2.825031636163348181e-01 5.690888636400387446e-02 2.329546381544888300e-01 6.819139281963498833e-01 4.018392061753349509e+00 0.000000000000000000e+00 0.000000000000000000e+00 1.255272741024112904e+00
5.602801400700350154e-01 2.671014667189051117e-01 5.899551801849364091e-02 2.450025962347572861e-01 6.794101856380739823e-01 3.842728339604099652e+00 0.000000000000000000e+00 0.000000000000000000e+00 1.251017675743218094e+00
5.702851425712855971e-01 2.584905476517804779e-01 6.114608367582274190e-02 2.521791293373319420e-01 6.725639770024821606e-01 3.755524592427832875e+00 0.000000000000000000e+00 0.000000000000000000e+00 1.250298699446668049e+00
5.802901450725362897e-01 2.499692772769174787e-01 6.333498725391026318e-02 2.594128571927590277e-01 6.653764899758597418e-01 3.672569856926461984e+00 0.000000000000000000e+00 0.000000000000000000e+00 1.249551966697296068e+00
6.003001500750374531e-01 2.354399353818425189e-01 6.557346752364882903e-02 2.717559441415993149e-01 6.606245045521770276e-01 3.528985818521187756e+00 0.000000000000000000e+00 0.000000000000000000e+00 1.245613955592120847e+00
6.103051525762881457e-01 2.272199340330180173e-01 6.783006760462018114e-02 2.791041810898987063e-01 6.524556235887962741e-01 3.457110145189796757e+00 0.000000000000000000e+00 0.000000000000000000e+00 1.244894335092675330e+00
6.303151575787894201e-01 2.133663122506061771e-01 7.010893377123861292e-02 2.915646881813608871e-01 6.461006064686224404e-01 3.332552204829354103e+00 0.000000000000000000e+00 0.000000000000000000e+00 1.241106633594206032e+00
6.403201600800400017e-01 2.054817679930650010e-01 7.237750367086857872e-02 2.989589991283410075e-01 6.370188201318840449e-01 3.269954651201145701e+00 0.000000000000000000e+00 0.000000000000000000e+00 1.240335229247561566e+00
6.603301650825412761e-01 1.923284969502354613e-01 7.463041010784746132e-02 3.114465989269691870e-01 6.290700196578523640e-01 3.161357547082279229e+00 0.000000000000000000e+00 0.000000000000000000e+00 1.236640856343598882e+00
6.703351675837918577e-01 1.848351427003367131e-01 7.683500343026117285e-02 3.187986643562195077e-01 6.191771015888316576e-01 3.106718918411279784e+00 0.000000000000000000e+00 0.000000000000000000e+00 1.235783095773240081e+00
6.903451725862931321e-01 1.724335496552759361e-01 7.897132065834604198e-02 3.311995089588932184e-01 6.097215459188273234e-01 3.011596834595940297e+00 0.000000000000000000e+00 0.000000000000000000e+00 1.232087125056142707e+00
7.003501750875437137e-01 1.654087207718279440e-01 8.101553217435052134e-02 3.384004981409103885e-01 5.992271246803171358e-01 2.963858282306320202e+00 0.000000000000000000e+00 0.000000000000000000e+00 1.231085614900763847e+00
7.103551775887944064e-01 1.586095774893993005e-01 8.293273367758223491e-02 3.454740584738800746e-01 5.887866599285161984e-01 2.918419717657463330e+00 0.000000000000000000e+00 0.000000000000000000e+00 1.229963752290312851e+00
7.203601800900449881e-01 1.520611575386181802e-01 8.469592034105292988e-02 3.523914027208559507e-01 5.785276208322829294e-01 2.875220145050508602e+00 0.000000000000000000e+00 0.000000000000000000e+00 1.228713282298456111e+00
7.303651825912956808e-01 1.457894103182152123e-01 8.627722974907145459e-02 3.591228670524443389e-01 5.686061741585620721e-01 2.834213695154558454e+00 0.000000000000000000e+00 0.000000000000000000e+00 1.227330760507599816e+00
7.403701850925462624e-01 1.398209505337926761e-01 8.764818391122085328e-02 3.656381095716623175e-01 5.592132125792151909e-01 2.795336089851354178e+00 0.000000000000000000e+00 0.000000000000000000e+00 1.225804463964983881e+00
7.503751875937968441e-01 1.341825862267464753e-01 8.878012535916475489e-02 3.719065618279719931e-01 5.505673103583408334e-01 2.758529100629606656e+00 0.000000000000000000e+00 0.000000000000000000e+00 1.224127022208940874e+00
7.503751875937968441e-01 1.333150746984660684e-01 8.964763658244925826e-02 3.727941896457748761e-01 5.452166991663492945e-01 2.756202513376838414e+00 0.000000000000000000e+00 0.000000000000000000e+00 1.224726774435257681e+00
7.603801900950475368e-01 1.283037906694248775e-01 9.024187838723572719e-02 3.785093388283032878e-01 5.391364360543512424e-01 2.722185049798578671e+00 0.000000000000000000e+00 0.000000000000000000e+00 1.222691423802686028e+00
7.603801900950475368e-01 1.280040539815947287e-01 9.054161510948406655e-02 3.788161815095936746e-01 5.372224547456209143e-01 2.721410294823792153e+00 0.000000000000000000e+00 0.000000000000000000e+00 1.222895500930975210e+00
7.603801900950475368e-01 1.280040539815948120e-01 9.054161510948409430e-02 3.788161815095938412e-01 5.372224547456208033e-01 2.721410294823790377e+00 0.000000000000000000e+00 0.000000000000000000e+00 1.222895500930974988e+00
7.603801900950475368e-01 1.283037906694250163e-01 9.024187838723571331e-02 3.785093388283032323e-01 5.391364360543509093e-01 2.722185049798580447e+00 0.000000000000000000e+00 0.000000000000000000e+00 1.222691423802686028e+00
7.503751875937968441e-01 1.333150746984660684e-01 8.964763658244925826e-02 3.727941896457748761e-01 5.452166991663492945e-01 2.756202513376838414e+00 0.000000000000000000e+00 0.000000000000000000e+00 1.224726774435257681e+00
7.503751875937968441e-01 1.341825862267464753e-01 8.878012535916475489e-02 3.719065618279719931e-01 5.505673103583408334e-01 2.758529100629606656e+00 0.000000000000000000e+00 0.000000000000000000e+00 1.224127022208940874e+00
7.403701850925462624e-01 1.398209505337926761e-01 8.764818391122085328e-02 3.656381095716623175e-01 5.592132125792151909e-01 2.795336089851354178e+00 0.000000000000000000e+00 0.000000000000000000e+00 1.225804463964983881e+00
7.303651825912956808e-01 1.457894103182153234e-01 8.627722974907149622e-02 3.591228670524443389e-01 5.686061741585618501e-01 2.834213695154557566e+00 0.000000000000000000e+00 0.000000000000000000e+00 1.227330760507599150e+00
7.203601800900449881e-01 1.520611575386184577e-01 8.469592034105297151e-02 3.523914027208560618e-01 5.785276208322823743e-01 2.875220145050506826e+00 0.000000000000000000e+00 0.000000000000000000e+00 1.228713282298454557e+00
7.103551775887944064e-01 1.586095774893993005e-01 8.293273367758223491e-02 3.454740584738800746e-01 5.887866599285161984e-01 2.918419717657463330e+00 0.000000000000000000e+00 0.000000000000000000e+00 1.229963752290312851e+00
7.003501750875437137e-01 1.654087207718279440e-01 8.101553217435052134e-02 3.384004981409103885e-01 5.992271246803171358e-01 2.963858282306320202e+00 0.000000000000000000e+00 0.000000000000000000e+00 1.231085614900763847e+00
6.903451725862931321e-01 1.724335496552759361e-01 7.897132065834604198e-02 3.311995089588932184e-01 6.097215459188273234e-01 3.011596834595940297e+00 0.000000000000000000e+00 0.000000000000000000e+00 1.232087125056142707e+00
6.703351675837918577e-01 1.848351427003367131e-01 7.683500343026117285e-02 3.187986643562192857e-01 6.191771015888318797e-01 3.106718918411282004e+00 0.000000000000000000e+00 0.000000000000000000e+00 1.235783095773240081e+00
6.603301650825412761e-01 1.923284969502353781e-01 7.463041010784743357e-02 3.114465989269692425e-01 6.290700196578526970e-01 3.161357547082278341e+00 0.000000000000000000e+00 0.000000000000000000e+00 1.236640856343598216e+00
6.403201600800400017e-01 2.054817679930650010e-01 7.237750367086857872e-02 2.989589991283410075e-01 6.370188201318840449e-01 3.269954651201145701e+00 0.000000000000000000e+00 0.000000000000000000e+00 1.240335229247561566e+00
6.303151575787894201e-01 2.133663122506061771e-01 7.010893377123861292e-02 2.915646881813608871e-01 6.461006064686224404e-01 3.332552204829354103e+00 0.000000000000000000e+00 0.000000000000000000e+00 1.241106633594206032e+00
6.103051525762881457e-01 2.272199340330180173e-01 6.783006760462018114e-02 2.791041810898987063e-01 6.524556235887962741e-01 3.457110145189796757e+00 0.000000000000000000e+00 0.000000000000000000e+00 1.244894335092675330e+00
6.003001500750374531e-01 2.354399353818422969e-01 6.557346752364878739e-02 2.717559441415991484e-01 6.606245045521773607e-01 3.528985818521191309e+00 0.000000000000000000e+00 0.000000000000000000e+00 1.245613955592121735e+00
5.802901450725362897e-01 2.499692772769176174e-01 6.333498725391027706e-02 2.594128571927590832e-01 6.653764899758590756e-01 3.672569856926460652e+00 0.000000000000000000e+00 0.000000000000000000e+00 1.249551966697295846e+00
5.702851425712855971e-01 2.584905476517804224e-01 6.114608367582273496e-02 2.521791293373317755e-01 6.725639770024827158e-01 3.755524592427835540e+00 0.000000000000000000e+00 0.000000000000000000e+00 1.250298699446668271e+00
5.602801400700350154e-01 2.671014667189051117e-01 5.899551801849364091e-02 2.450025962347572861e-01 6.794101856380739823e-01 3.842728339604099652e+00 0.000000000000000000e+00 0.000000000000000000e+00 1.251017675743218094e+00
5.402701350675337411e-01 2.825031636163348181e-01 5.690888636400387446e-02 2.329546381544888300e-01 6.819139281963498833e-01 4.018392061753349509e+00 0.000000000000000000e+00 0.000000000000000000e+00 1.255272741024112904e+00
