1.530765382691345655e+00 1.322477401517630491e-01 2.375225984823694028e-02 1.539559499502106732e+01 0.000000000000000000e+00 0.000000000000000000e+00 5.351803252475570982e-01 6.825083039480323022e-01 5.181061195742703296e-01
1.330665332666333134e+00 1.517183454718798730e-01 7.528165452812024538e-02 1.363612868176862314e+01 0.000000000000000000e+00 7.439203150092968788e-05 6.352417916387153030e-01 9.639074478993658879e-01 6.529262455865296744e-01
1.160580290145072579e+00 1.663978255625850056e-01 1.466021744374149394e-01 1.201849100655388369e+01 0.000000000000000000e+00 4.666712537840168504e-04 6.134008009056448607e-01 8.615160449344746452e-01 5.226663264636600692e-01
1.140570285142571194e+00 1.022874751411221583e-01 2.057125248588773658e-01 1.190568406878644048e+01 0.000000000000000000e+00 0.000000000000000000e+00 9.452640345606803107e-01 7.255167880799263669e-01 5.324588164524782785e-01
9.604802401200600581e-01 1.667840406461099656e-01 2.812159593538902103e-01 9.998222323300907988e+00 0.000000000000000000e+00 1.842310150970937355e-03 9.483118216338755069e-01 7.054656127270071408e-01 4.672578192177284095e-01
9.404702351175587838e-01 1.310092111436423623e-01 3.469907888563572018e-01 9.789699961985384391e+00 0.000000000000000000e+00 1.749298924562434684e-03 1.217940868260976028e+00 6.947487938671286223e-01 4.558659512325829444e-01
8.104052026013006671e-01 2.009281164662799490e-01 4.255718835337200523e-01 8.349636492564409096e+00 0.000000000000000000e+00 6.494782083652731602e-03 1.001276618842155131e+00 8.153979082723934457e-01 4.438021480970573696e-01
7.603801900950475368e-01 2.049466202980083918e-01 4.330533797019917031e-01 7.706993507911737318e+00 0.000000000000000000e+00 3.756232801485343345e-03 9.923966497620171356e-01 7.905519599992743007e-01 4.228592302204508546e-01
6.903451725862931321e-01 2.429163913916092266e-01 5.075836086083916898e-01 6.947765679697310404e+00 0.000000000000000000e+00 9.368757189471072638e-03 1.035632512573426478e+00 8.196719543966226595e-01 4.083840262746781802e-01
6.503251625812905834e-01 2.568527628342864855e-01 5.276472371657138227e-01 6.476769679147293957e+00 0.000000000000000000e+00 8.425028085542993900e-03 1.118507524501241912e+00 7.681681993952499399e-01 4.070806861528197818e-01
6.303151575787894201e-01 2.600140252826224629e-01 5.884859747173768474e-01 6.364195163776739328e+00 0.000000000000000000e+00 9.064163477693829019e-03 1.208929125996716092e+00 7.324045293571479487e-01 3.974272714716434729e-01
6.103051525762881457e-01 2.524671794472207464e-01 6.375328205527790448e-01 6.109376985851884712e+00 0.000000000000000000e+00 1.336563687851206536e-02 1.293102952774733527e+00 7.792473995950603971e-01 3.971716593565557951e-01
5.802901450725362897e-01 2.647039175823418522e-01 6.727960824176584254e-01 5.778099187063899578e+00 0.000000000000000000e+00 1.539197706168499331e-02 1.393136538511215550e+00 7.663605285080923313e-01 3.944283755587471574e-01
5.302651325662831594e-01 3.256322414436487733e-01 7.273677585563506076e-01 5.218095956014136227e+00 0.000000000000000000e+00 2.463657973795205930e-02 1.290406227999462807e+00 8.287882425817487686e-01 4.130979341930853810e-01
5.202601300650324667e-01 3.133831374102922229e-01 7.591168625897063427e-01 5.146589335655017194e+00 0.000000000000000000e+00 2.463346101494862800e-02 1.327596008167972075e+00 8.006245222004684248e-01 3.977636751117791802e-01
4.902451225612806107e-01 3.383161262412213155e-01 7.626838737587783301e-01 4.763190415202298134e+00 0.000000000000000000e+00 2.354237981415982159e-02 1.266569352187179920e+00 7.778608447849850727e-01 3.886395245661179998e-01
4.702351175587793919e-01 3.578046713536539025e-01 7.876953286463457271e-01 4.529801908688981804e+00 0.000000000000000000e+00 2.145552505457529180e-02 1.329635722677133813e+00 7.606234158188124317e-01 3.899983067049446750e-01
4.502251125562781175e-01 3.685021327865108387e-01 8.504978672134875239e-01 4.333604355259009999e+00 0.000000000000000000e+00 3.509142742897963102e-02 1.211808196237814439e+00 8.055320114195028136e-01 3.745331449868321561e-01
4.302151075537768987e-01 3.816602546704009336e-01 8.653397453295982311e-01 4.127948311578432339e+00 0.000000000000000000e+00 3.724637823320763041e-02 1.299124454621940483e+00 8.086818995610780547e-01 3.803182350862371885e-01
4.202101050525262615e-01 3.747100900188791717e-01 9.112899099811218040e-01 4.116323724518621496e+00 0.000000000000000000e+00 4.605885932505541375e-02 1.304925107515682248e+00 8.046074024399452185e-01 3.918254149570787326e-01
4.102051025512756244e-01 3.839730318488980276e-01 9.305269681511000313e-01 3.934659964302184676e+00 0.000000000000000000e+00 4.598773795899271932e-02 1.225550618483992826e+00 8.049939905303693521e-01 3.698349657138672031e-01
4.002001000500249872e-01 3.991927440223292378e-01 9.718072559776742558e-01 3.887954296726699788e+00 0.000000000000000000e+00 4.955056646072419219e-02 1.323397411272097424e+00 7.827632432329726386e-01 3.813250816779802932e-01
3.901950975487743500e-01 3.865047749629076934e-01 9.944952250370887592e-01 3.760705582694460425e+00 0.000000000000000000e+00 5.116489151467005364e-02 1.336014707287120018e+00 7.789870925746662511e-01 3.824157896434008941e-01
3.801900950475237684e-01 3.976402687680608561e-01 1.029359731231939135e+00 3.688179239441954138e+00 0.000000000000000000e+00 5.863212124922728696e-02 1.332699967951798792e+00 7.929544710338544133e-01 3.885475429996172458e-01
3.601800900450224940e-01 4.183379922466071155e-01 1.076662007753393491e+00 3.564175819505662979e+00 0.000000000000000000e+00 6.740069019106063875e-02 1.324639592027038182e+00 7.799954769711821001e-01 3.774435177867938029e-01
3.401700850425212752e-01 4.286647430686744698e-01 1.064835256931320639e+00 3.315298236337516524e+00 0.000000000000000000e+00 7.511123871380659400e-02 1.363261288787998016e+00 8.228689556282837714e-01 3.838980969817282762e-01
3.401700850425212752e-01 4.159535619400889228e-01 1.104046438059911761e+00 3.372853765380225965e+00 0.000000000000000000e+00 7.338034883768372596e-02 1.376976535293283233e+00 7.966799773591110023e-01 3.807129267730117173e-01
3.301650825412706380e-01 4.231104621833945423e-01 1.104389537816606204e+00 3.225509451790630422e+00 0.000000000000000000e+00 7.147417649826627584e-02 1.298046223496104545e+00 7.829102972144182937e-01 3.645826590510498622e-01
3.301650825412706380e-01 4.040362457194440760e-01 1.147963754280552084e+00 3.291798223903318998e+00 0.000000000000000000e+00 7.962966312450077411e-02 1.456304487764446876e+00 7.694153828639657133e-01 3.927325108708815127e-01
3.201600800400200009e-01 4.132746384895770175e-01 1.171725361510423724e+00 3.193434227748291665e+00 0.000000000000000000e+00 8.725827926636738063e-02 1.383322865563037407e+00 7.870535033924657142e-01 3.780700580478950079e-01
3.101550775387693637e-01 4.111389198749678120e-01 1.201361080125028291e+00 3.153455526158103428e+00 0.000000000000000000e+00 9.321709156447133271e-02 1.456769679661813699e+00 7.741925834480879454e-01 3.789906567477295818e-01
3.001500750375187265e-01 4.298080686236395165e-01 1.245191931376355088e+00 3.077499603167577202e+00 0.000000000000000000e+00 9.876328682445592588e-02 1.456140666682838258e+00 7.599351298019990653e-01 3.706306248336945774e-01
2.901450725362681449e-01 4.281270384034818188e-01 1.246372961596518891e+00 2.959751137978118951e+00 0.000000000000000000e+00 1.034019394462856456e-01 1.485219008721735179e+00 7.803005255864452483e-01 3.697632211315212136e-01
2.801400700350175077e-01 4.355933403163077533e-01 1.267906659683694315e+00 2.902838447710945236e+00 0.000000000000000000e+00 1.099816287273631815e-01 1.464554931230988677e+00 7.818347952615515295e-01 3.650655819759027199e-01
2.801400700350175077e-01 4.376929101418931545e-01 1.299307089858103170e+00 2.902492200946394263e+00 0.000000000000000000e+00 1.121578249299330088e-01 1.465904676672467932e+00 7.722063401748329170e-01 3.662151525044331501e-01
2.701350675337668705e-01 4.565183572007959212e-01 1.339481642799202232e+00 2.860836610770214339e+00 0.000000000000000000e+00 1.270657365687931362e-01 1.479980090718309826e+00 7.764064720399082020e-01 3.610165162480227230e-01
2.701350675337668705e-01 4.210251227338301372e-01 1.339974877266171926e+00 2.881536778850060543e+00 0.000000000000000000e+00 1.217044239826015894e-01 1.588328058850601021e+00 7.623522392471862030e-01 3.745558720293828414e-01
2.601300650325162334e-01 4.411392721713784937e-01 1.356860727828613555e+00 2.761586509907385523e+00 0.000000000000000000e+00 1.361236410842534272e-01 1.522469741882690908e+00 7.818319666425963543e-01 3.636310609473537014e-01
2.501250625312656517e-01 4.504289838815225266e-01 1.350071016118482570e+00 2.714286407199266282e+00 0.000000000000000000e+00 1.292514309076467638e-01 1.530084933165643646e+00 7.739025494451203802e-01 3.576492629224921060e-01
2.501250625312656517e-01 4.245491194877090146e-01 1.364950880512291409e+00 2.709267458715225008e+00 0.000000000000000000e+00 1.373590815582558800e-01 1.579450292918463949e+00 7.744178046463934262e-01 3.628250440215685102e-01
