8.504252126063031048e-01 6.159167701233412284e-01 4.083229876658757591e-03 3.363680601354011035e-01 1.026186037329982037e+00 2.532999024522191713e-08 7.799378698513548258e-01 1.247430110698539485e+00 8.165369915088850350e-01
1.190595297648824324e+00 2.859287804691468815e-01 4.071219530853088971e-03 4.859556000547396448e-01 6.524392900120529193e-01 0.000000000000000000e+00 2.422774814529283227e-01 5.628755560805057123e-02 8.229972577099768649e-02
8.304152076038018304e-01 6.953862852588570398e-01 4.613714741142841205e-03 3.206311188252628508e-01 9.850366182413495819e-01 0.000000000000000000e+00 4.488107786945175759e-01 1.107887802581773329e+00 4.595156360437313570e-01
6.603301650825412761e-01 7.571026217328219454e-01 2.897378267178192263e-03 2.355091939453928807e-01 1.108825736377869742e+00 1.583081600164562175e-09 7.277414444227433554e-01 1.051833733915400249e+00 6.488353112664243527e-01
1.000500250125062607e+00 4.049479952612412004e-01 5.052004738758779541e-03 4.020144744559120964e-01 8.072832680844672648e-01 0.000000000000000000e+00 4.720156028491975242e-01 1.048847732060691929e+00 6.283004475566326130e-01
1.210605302651325710e+00 2.362022756088887621e-01 3.797724391111367837e-03 4.938927822987800309e-01 5.965439879142794277e-01 0.000000000000000000e+00 3.481270584479571051e-01 3.289264671073166557e-01 3.192308253476208169e-01
7.903951975987993928e-01 7.864160657844714297e-01 3.583934215528710322e-03 3.008242895285851981e-01 1.122703963590018672e+00 3.258067623528783767e-09 7.057779970446347306e-01 1.028526001468489159e+00 6.205908855577872973e-01
1.300650325162581167e+00 2.535743375962021262e-01 6.425662403797866191e-03 5.315393654516056277e-01 6.254476918088034409e-01 0.000000000000000000e+00 3.077588425525021321e-01 2.718505938607197400e-02 6.444187397384508464e-02
3.001500750375187376e+00 6.428004934630343788e-03 3.571995065369656854e-03 9.126295101624102291e-01 5.628902361174871471e-02 0.000000000000000000e+00 0.000000000000000000e+00 0.000000000000000000e+00 0.000000000000000000e+00
1.980990495247623828e+00 5.574945545843259381e-02 4.250544541567407436e-03 7.585413365095762250e-01 2.347367605042578742e-01 0.000000000000000000e+00 0.000000000000000000e+00 0.000000000000000000e+00 0.000000000000000000e+00
